(kicad_pcb (version 20171130) (host pcbnew "(6.0.0-rc1-dev-4-gc29150583)")

  (general
    (thickness 1.6)
    (drawings 0)
    (tracks 0)
    (zones 0)
    (modules 109)
    (nets 150)
  )

  (page A4)
  (layers
    (0 F.Cu signal)
    (1 In1.Cu power)
    (2 In2.Cu power)
    (31 B.Cu signal)
    (32 B.Adhes user)
    (33 F.Adhes user)
    (34 B.Paste user)
    (35 F.Paste user)
    (36 B.SilkS user)
    (37 F.SilkS user)
    (38 B.Mask user)
    (39 F.Mask user)
    (40 Dwgs.User user)
    (41 Cmts.User user)
    (42 Eco1.User user)
    (43 Eco2.User user)
    (44 Edge.Cuts user)
    (45 Margin user)
    (46 B.CrtYd user)
    (47 F.CrtYd user)
    (48 B.Fab user)
    (49 F.Fab user)
  )

  (setup
    (last_trace_width 0.25)
    (trace_clearance 0.2)
    (zone_clearance 0.508)
    (zone_45_only no)
    (trace_min 0.2)
    (segment_width 0.2)
    (edge_width 0.15)
    (via_size 0.8)
    (via_drill 0.4)
    (via_min_size 0.4)
    (via_min_drill 0.3)
    (uvia_size 0.3)
    (uvia_drill 0.1)
    (uvias_allowed no)
    (uvia_min_size 0.2)
    (uvia_min_drill 0.1)
    (pcb_text_width 0.3)
    (pcb_text_size 1.5 1.5)
    (mod_edge_width 0.15)
    (mod_text_size 1 1)
    (mod_text_width 0.15)
    (pad_size 1.524 1.524)
    (pad_drill 0.762)
    (pad_to_mask_clearance 0.051)
    (solder_mask_min_width 0.25)
    (aux_axis_origin 0 0)
    (visible_elements 7FFFFFFF)
    (pcbplotparams
      (layerselection 0x010fc_ffffffff)
      (usegerberextensions false)
      (usegerberattributes false)
      (usegerberadvancedattributes false)
      (creategerberjobfile false)
      (excludeedgelayer true)
      (linewidth 0.100000)
      (plotframeref false)
      (viasonmask false)
      (mode 1)
      (useauxorigin false)
      (hpglpennumber 1)
      (hpglpenspeed 20)
      (hpglpendiameter 15.000000)
      (psnegative false)
      (psa4output false)
      (plotreference true)
      (plotvalue true)
      (plotinvisibletext false)
      (padsonsilk false)
      (subtractmaskfromsilk false)
      (outputformat 1)
      (mirror false)
      (drillshape 1)
      (scaleselection 1)
      (outputdirectory ""))
  )

  (net 0 "")
  (net 1 "Net-(C1-Pad2)")
  (net 2 GND)
  (net 3 +24V)
  (net 4 "Net-(C4-Pad1)")
  (net 5 "Net-(C4-Pad2)")
  (net 6 +3.3V)
  (net 7 +12V)
  (net 8 "Net-(C8-Pad2)")
  (net 9 "Net-(C9-Pad2)")
  (net 10 "Net-(C10-Pad1)")
  (net 11 "Net-(C10-Pad2)")
  (net 12 "Net-(C11-Pad1)")
  (net 13 "Net-(C11-Pad2)")
  (net 14 +5V)
  (net 15 "Net-(C18-Pad1)")
  (net 16 "Net-(C19-Pad1)")
  (net 17 "Net-(C21-Pad2)")
  (net 18 "Net-(C22-Pad1)")
  (net 19 "Net-(C33-Pad1)")
  (net 20 VDDA)
  (net 21 Panel_W-)
  (net 22 Panel_W+)
  (net 23 Panel_Y+)
  (net 24 Panel_Y-)
  (net 25 I2C_SCL)
  (net 26 I2C_SDA)
  (net 27 DBG_RTS)
  (net 28 DBG_CTS)
  (net 29 DBG_CK)
  (net 30 DBG_RX)
  (net 31 DBG_TX)
  (net 32 LED_B)
  (net 33 LED_G)
  (net 34 LED_R)
  (net 35 EXT_TX)
  (net 36 EXT_RX)
  (net 37 SPI1_CS1)
  (net 38 SPI1_CS0)
  (net 39 SPI1_SCK)
  (net 40 SPI1_MISO)
  (net 41 SPI1_MOSI)
  (net 42 JTRST)
  (net 43 JTDO)
  (net 44 JTDI)
  (net 45 JTCK)
  (net 46 JTMS)
  (net 47 I2S_WS)
  (net 48 I2S_MCK)
  (net 49 SPI0_CS1)
  (net 50 SPI0_CS0)
  (net 51 SPI0_SCK)
  (net 52 SPI0_MISO)
  (net 53 SPI0_MOSI)
  (net 54 "Net-(J11-Pad1)")
  (net 55 "Net-(J11-Pad2)")
  (net 56 "Net-(J13-Pad1)")
  (net 57 "Net-(J13-Pad3)")
  (net 58 "Net-(J13-Pad6)")
  (net 59 LED_YLW-)
  (net 60 LED_GRN-)
  (net 61 Panel_D1)
  (net 62 Panel_D2)
  (net 63 PWM_R)
  (net 64 "Net-(Q1-Pad1)")
  (net 65 "Net-(Q1-Pad3)")
  (net 66 PWM_G)
  (net 67 PWM_B)
  (net 68 "Net-(Q2-Pad1)")
  (net 69 "Net-(Q2-Pad3)")
  (net 70 "Net-(Q3-Pad1)")
  (net 71 "Net-(Q3-Pad3)")
  (net 72 "Net-(R19-Pad1)")
  (net 73 RMII_TXD1)
  (net 74 RMII_TXD0)
  (net 75 "Net-(R20-Pad1)")
  (net 76 "Net-(R21-Pad2)")
  (net 77 RMII_RXD0)
  (net 78 "Net-(R22-Pad1)")
  (net 79 "Net-(R23-Pad1)")
  (net 80 RMII_RXD1)
  (net 81 RMII_RXER)
  (net 82 "Net-(R24-Pad1)")
  (net 83 RMII_CRS)
  (net 84 "Net-(R25-Pad1)")
  (net 85 RMII_REFCLKO)
  (net 86 "Net-(R26-Pad1)")
  (net 87 "Net-(R27-Pad1)")
  (net 88 25MHz)
  (net 89 RMII_MDIO)
  (net 90 LAN_RST)
  (net 91 "Net-(R31-Pad1)")
  (net 92 "Net-(R33-Pad1)")
  (net 93 "Net-(R35-Pad2)")
  (net 94 "Net-(U2-Pad13)")
  (net 95 CAN_TX)
  (net 96 CAN_RX)
  (net 97 CAN_STBY)
  (net 98 RMII_TXEN)
  (net 99 RMII_MDC)
  (net 100 "Net-(J11-Pad5)")
  (net 101 "Net-(J11-Pad7)")
  (net 102 "Net-(J11-Pad4)")
  (net 103 "Net-(J11-Pad6)")
  (net 104 "Net-(J11-Pad8)")
  (net 105 "Net-(J12-Pad8)")
  (net 106 "Net-(J12-Pad6)")
  (net 107 "Net-(J12-Pad4)")
  (net 108 "Net-(J12-Pad7)")
  (net 109 "Net-(J12-Pad5)")
  (net 110 "Net-(J13-Pad7)")
  (net 111 "Net-(U3-Pad1)")
  (net 112 "Net-(U3-Pad2)")
  (net 113 "Net-(U3-Pad3)")
  (net 114 "Net-(U3-Pad4)")
  (net 115 "Net-(U3-Pad5)")
  (net 116 "Net-(U3-Pad6)")
  (net 117 "Net-(U3-Pad7)")
  (net 118 "Net-(U3-Pad8)")
  (net 119 "Net-(U3-Pad9)")
  (net 120 "Net-(U3-Pad15)")
  (net 121 "Net-(U3-Pad17)")
  (net 122 "Net-(U3-Pad18)")
  (net 123 "Net-(U3-Pad23)")
  (net 124 "Net-(U3-Pad30)")
  (net 125 "Net-(U3-Pad35)")
  (net 126 "Net-(U3-Pad36)")
  (net 127 "Net-(U3-Pad37)")
  (net 128 "Net-(U3-Pad38)")
  (net 129 "Net-(U3-Pad39)")
  (net 130 "Net-(U3-Pad40)")
  (net 131 "Net-(U3-Pad41)")
  (net 132 "Net-(U3-Pad42)")
  (net 133 "Net-(U3-Pad43)")
  (net 134 "Net-(U3-Pad46)")
  (net 135 "Net-(U3-Pad57)")
  (net 136 "Net-(U3-Pad58)")
  (net 137 "Net-(U3-Pad59)")
  (net 138 "Net-(U3-Pad63)")
  (net 139 "Net-(U3-Pad68)")
  (net 140 "Net-(U3-Pad81)")
  (net 141 "Net-(U3-Pad82)")
  (net 142 "Net-(U3-Pad83)")
  (net 143 "Net-(U3-Pad91)")
  (net 144 "Net-(U3-Pad97)")
  (net 145 "Net-(U3-Pad98)")
  (net 146 "Net-(U3-Pad99)")
  (net 147 "Net-(U5-Pad4)")
  (net 148 "Net-(F1-Pad2)")
  (net 149 "Net-(J13-Pad2)")

  (net_class Default "This is the default net class."
    (clearance 0.2)
    (trace_width 0.25)
    (via_dia 0.8)
    (via_drill 0.4)
    (uvia_dia 0.3)
    (uvia_drill 0.1)
    (add_net +12V)
    (add_net +24V)
    (add_net +3.3V)
    (add_net +5V)
    (add_net 25MHz)
    (add_net CAN_RX)
    (add_net CAN_STBY)
    (add_net CAN_TX)
    (add_net DBG_CK)
    (add_net DBG_CTS)
    (add_net DBG_RTS)
    (add_net DBG_RX)
    (add_net DBG_TX)
    (add_net EXT_RX)
    (add_net EXT_TX)
    (add_net GND)
    (add_net I2C_SCL)
    (add_net I2C_SDA)
    (add_net I2S_MCK)
    (add_net I2S_WS)
    (add_net JTCK)
    (add_net JTDI)
    (add_net JTDO)
    (add_net JTMS)
    (add_net JTRST)
    (add_net LAN_RST)
    (add_net LED_B)
    (add_net LED_G)
    (add_net LED_GRN-)
    (add_net LED_R)
    (add_net LED_YLW-)
    (add_net "Net-(C1-Pad2)")
    (add_net "Net-(C10-Pad1)")
    (add_net "Net-(C10-Pad2)")
    (add_net "Net-(C11-Pad1)")
    (add_net "Net-(C11-Pad2)")
    (add_net "Net-(C18-Pad1)")
    (add_net "Net-(C19-Pad1)")
    (add_net "Net-(C21-Pad2)")
    (add_net "Net-(C22-Pad1)")
    (add_net "Net-(C33-Pad1)")
    (add_net "Net-(C4-Pad1)")
    (add_net "Net-(C4-Pad2)")
    (add_net "Net-(C8-Pad2)")
    (add_net "Net-(C9-Pad2)")
    (add_net "Net-(F1-Pad2)")
    (add_net "Net-(J11-Pad1)")
    (add_net "Net-(J11-Pad2)")
    (add_net "Net-(J11-Pad4)")
    (add_net "Net-(J11-Pad5)")
    (add_net "Net-(J11-Pad6)")
    (add_net "Net-(J11-Pad7)")
    (add_net "Net-(J11-Pad8)")
    (add_net "Net-(J12-Pad4)")
    (add_net "Net-(J12-Pad5)")
    (add_net "Net-(J12-Pad6)")
    (add_net "Net-(J12-Pad7)")
    (add_net "Net-(J12-Pad8)")
    (add_net "Net-(J13-Pad1)")
    (add_net "Net-(J13-Pad2)")
    (add_net "Net-(J13-Pad3)")
    (add_net "Net-(J13-Pad6)")
    (add_net "Net-(J13-Pad7)")
    (add_net "Net-(Q1-Pad1)")
    (add_net "Net-(Q1-Pad3)")
    (add_net "Net-(Q2-Pad1)")
    (add_net "Net-(Q2-Pad3)")
    (add_net "Net-(Q3-Pad1)")
    (add_net "Net-(Q3-Pad3)")
    (add_net "Net-(R19-Pad1)")
    (add_net "Net-(R20-Pad1)")
    (add_net "Net-(R21-Pad2)")
    (add_net "Net-(R22-Pad1)")
    (add_net "Net-(R23-Pad1)")
    (add_net "Net-(R24-Pad1)")
    (add_net "Net-(R25-Pad1)")
    (add_net "Net-(R26-Pad1)")
    (add_net "Net-(R27-Pad1)")
    (add_net "Net-(R31-Pad1)")
    (add_net "Net-(R33-Pad1)")
    (add_net "Net-(R35-Pad2)")
    (add_net "Net-(U2-Pad13)")
    (add_net "Net-(U3-Pad1)")
    (add_net "Net-(U3-Pad15)")
    (add_net "Net-(U3-Pad17)")
    (add_net "Net-(U3-Pad18)")
    (add_net "Net-(U3-Pad2)")
    (add_net "Net-(U3-Pad23)")
    (add_net "Net-(U3-Pad3)")
    (add_net "Net-(U3-Pad30)")
    (add_net "Net-(U3-Pad35)")
    (add_net "Net-(U3-Pad36)")
    (add_net "Net-(U3-Pad37)")
    (add_net "Net-(U3-Pad38)")
    (add_net "Net-(U3-Pad39)")
    (add_net "Net-(U3-Pad4)")
    (add_net "Net-(U3-Pad40)")
    (add_net "Net-(U3-Pad41)")
    (add_net "Net-(U3-Pad42)")
    (add_net "Net-(U3-Pad43)")
    (add_net "Net-(U3-Pad46)")
    (add_net "Net-(U3-Pad5)")
    (add_net "Net-(U3-Pad57)")
    (add_net "Net-(U3-Pad58)")
    (add_net "Net-(U3-Pad59)")
    (add_net "Net-(U3-Pad6)")
    (add_net "Net-(U3-Pad63)")
    (add_net "Net-(U3-Pad68)")
    (add_net "Net-(U3-Pad7)")
    (add_net "Net-(U3-Pad8)")
    (add_net "Net-(U3-Pad81)")
    (add_net "Net-(U3-Pad82)")
    (add_net "Net-(U3-Pad83)")
    (add_net "Net-(U3-Pad9)")
    (add_net "Net-(U3-Pad91)")
    (add_net "Net-(U3-Pad97)")
    (add_net "Net-(U3-Pad98)")
    (add_net "Net-(U3-Pad99)")
    (add_net "Net-(U5-Pad4)")
    (add_net PWM_B)
    (add_net PWM_G)
    (add_net PWM_R)
    (add_net Panel_D1)
    (add_net Panel_D2)
    (add_net Panel_W+)
    (add_net Panel_W-)
    (add_net Panel_Y+)
    (add_net Panel_Y-)
    (add_net RMII_CRS)
    (add_net RMII_MDC)
    (add_net RMII_MDIO)
    (add_net RMII_REFCLKO)
    (add_net RMII_RXD0)
    (add_net RMII_RXD1)
    (add_net RMII_RXER)
    (add_net RMII_TXD0)
    (add_net RMII_TXD1)
    (add_net RMII_TXEN)
    (add_net SPI0_CS0)
    (add_net SPI0_CS1)
    (add_net SPI0_MISO)
    (add_net SPI0_MOSI)
    (add_net SPI0_SCK)
    (add_net SPI1_CS0)
    (add_net SPI1_CS1)
    (add_net SPI1_MISO)
    (add_net SPI1_MOSI)
    (add_net SPI1_SCK)
    (add_net VDDA)
  )

  (module MountingHole:MountingHole_3.2mm_M3_DIN965 (layer F.Cu) (tedit 56D1B4CB) (tstamp 5BD4E219)
    (at 171.45 166.37)
    (descr "Mounting Hole 3.2mm, no annular, M3, DIN965")
    (tags "mounting hole 3.2mm no annular m3 din965")
    (path /5BD4EDC1)
    (attr virtual)
    (fp_text reference H4 (at 0 -3.8) (layer F.SilkS)
      (effects (font (size 1 1) (thickness 0.15)))
    )
    (fp_text value MountingHole (at 0 3.8) (layer F.Fab)
      (effects (font (size 1 1) (thickness 0.15)))
    )
    (fp_circle (center 0 0) (end 3.05 0) (layer F.CrtYd) (width 0.05))
    (fp_circle (center 0 0) (end 2.8 0) (layer Cmts.User) (width 0.15))
    (fp_text user %R (at 0.3 0) (layer F.Fab)
      (effects (font (size 1 1) (thickness 0.15)))
    )
    (pad 1 np_thru_hole circle (at 0 0) (size 3.2 3.2) (drill 3.2) (layers *.Cu *.Mask))
  )

  (module MountingHole:MountingHole_3.2mm_M3_DIN965 (layer F.Cu) (tedit 56D1B4CB) (tstamp 5BD4E211)
    (at 173.0883 74.5363)
    (descr "Mounting Hole 3.2mm, no annular, M3, DIN965")
    (tags "mounting hole 3.2mm no annular m3 din965")
    (path /5BD4EC9B)
    (attr virtual)
    (fp_text reference H2 (at 0 -3.8) (layer F.SilkS)
      (effects (font (size 1 1) (thickness 0.15)))
    )
    (fp_text value MountingHole (at 0 3.8) (layer F.Fab)
      (effects (font (size 1 1) (thickness 0.15)))
    )
    (fp_text user %R (at 0.3 0) (layer F.Fab)
      (effects (font (size 1 1) (thickness 0.15)))
    )
    (fp_circle (center 0 0) (end 2.8 0) (layer Cmts.User) (width 0.15))
    (fp_circle (center 0 0) (end 3.05 0) (layer F.CrtYd) (width 0.05))
    (pad 1 np_thru_hole circle (at 0 0) (size 3.2 3.2) (drill 3.2) (layers *.Cu *.Mask))
  )

  (module MountingHole:MountingHole_3.2mm_M3_DIN965 (layer F.Cu) (tedit 56D1B4CB) (tstamp 5BD4E209)
    (at 62.23 167.64)
    (descr "Mounting Hole 3.2mm, no annular, M3, DIN965")
    (tags "mounting hole 3.2mm no annular m3 din965")
    (path /5BD4EBE3)
    (attr virtual)
    (fp_text reference H1 (at 0 -3.8) (layer F.SilkS)
      (effects (font (size 1 1) (thickness 0.15)))
    )
    (fp_text value MountingHole (at 0 3.8) (layer F.Fab)
      (effects (font (size 1 1) (thickness 0.15)))
    )
    (fp_circle (center 0 0) (end 3.05 0) (layer F.CrtYd) (width 0.05))
    (fp_circle (center 0 0) (end 2.8 0) (layer Cmts.User) (width 0.15))
    (fp_text user %R (at 0.3 0) (layer F.Fab)
      (effects (font (size 1 1) (thickness 0.15)))
    )
    (pad 1 np_thru_hole circle (at 0 0) (size 3.2 3.2) (drill 3.2) (layers *.Cu *.Mask))
  )

  (module MountingHole:MountingHole_3.2mm_M3_DIN965 (layer F.Cu) (tedit 56D1B4CB) (tstamp 5BD4E201)
    (at 58.42 74.93)
    (descr "Mounting Hole 3.2mm, no annular, M3, DIN965")
    (tags "mounting hole 3.2mm no annular m3 din965")
    (path /5BD4ED2F)
    (attr virtual)
    (fp_text reference H3 (at 0 -3.8) (layer F.SilkS)
      (effects (font (size 1 1) (thickness 0.15)))
    )
    (fp_text value MountingHole (at 0 3.8) (layer F.Fab)
      (effects (font (size 1 1) (thickness 0.15)))
    )
    (fp_text user %R (at 0.3 0) (layer F.Fab)
      (effects (font (size 1 1) (thickness 0.15)))
    )
    (fp_circle (center 0 0) (end 2.8 0) (layer Cmts.User) (width 0.15))
    (fp_circle (center 0 0) (end 3.05 0) (layer F.CrtYd) (width 0.05))
    (pad 1 np_thru_hole circle (at 0 0) (size 3.2 3.2) (drill 3.2) (layers *.Cu *.Mask))
  )

  (module SamacSys_Parts:HR911105A_1 (layer F.Cu) (tedit 5BBB66C3) (tstamp 5BC64793)
    (at 66.421 112.1537 90)
    (descr HR911105A)
    (tags Connector)
    (path /5BBC4BB7/5BBC51BA)
    (fp_text reference J13 (at -0.244 -2.651 90) (layer F.SilkS)
      (effects (font (size 1.27 1.27) (thickness 0.254)))
    )
    (fp_text value HR911105A (at -0.244 -2.651 90) (layer F.SilkS) hide
      (effects (font (size 1.27 1.27) (thickness 0.254)))
    )
    (fp_line (start -8 -13.97) (end 8 -13.97) (layer Dwgs.User) (width 0.254))
    (fp_line (start 8 -13.97) (end 8 7.43) (layer Dwgs.User) (width 0.254))
    (fp_line (start 8 7.43) (end -8 7.43) (layer Dwgs.User) (width 0.254))
    (fp_line (start -8 7.43) (end -8 -13.97) (layer Dwgs.User) (width 0.254))
    (fp_line (start -8 -1.759) (end -8 -13.97) (layer F.SilkS) (width 0.254))
    (fp_line (start -8 -13.97) (end 8 -13.97) (layer F.SilkS) (width 0.254))
    (fp_line (start 8 -13.97) (end 8 -1.759) (layer F.SilkS) (width 0.254))
    (fp_line (start 8 7.43) (end -8 7.43) (layer F.SilkS) (width 0.254))
    (fp_line (start -8 7.43) (end -8 1.759) (layer F.SilkS) (width 0.254))
    (fp_line (start 8 7.43) (end 8 1.759) (layer F.SilkS) (width 0.254))
    (fp_circle (center 8.979 3.323) (end 8.811 3.323) (layer F.SilkS) (width 0.254))
    (pad 1 thru_hole circle (at 4.445 3.3 180) (size 1.39 1.39) (drill 0.89) (layers *.Cu *.Mask F.SilkS)
      (net 56 "Net-(J13-Pad1)"))
    (pad 2 thru_hole circle (at 3.175 5.84 180) (size 1.39 1.39) (drill 0.89) (layers *.Cu *.Mask F.SilkS)
      (net 149 "Net-(J13-Pad2)"))
    (pad 3 thru_hole circle (at 1.905 3.3 180) (size 1.39 1.39) (drill 0.89) (layers *.Cu *.Mask F.SilkS)
      (net 57 "Net-(J13-Pad3)"))
    (pad 4 thru_hole circle (at 0.635 5.84 180) (size 1.39 1.39) (drill 0.89) (layers *.Cu *.Mask F.SilkS)
      (net 20 VDDA))
    (pad 5 thru_hole circle (at -0.635 3.3 180) (size 1.39 1.39) (drill 0.89) (layers *.Cu *.Mask F.SilkS)
      (net 20 VDDA))
    (pad 6 thru_hole circle (at -1.905 5.84 180) (size 1.39 1.39) (drill 0.89) (layers *.Cu *.Mask F.SilkS)
      (net 58 "Net-(J13-Pad6)"))
    (pad 7 thru_hole circle (at -3.175 3.3 180) (size 1.39 1.39) (drill 0.89) (layers *.Cu *.Mask F.SilkS)
      (net 110 "Net-(J13-Pad7)"))
    (pad 8 thru_hole circle (at -4.445 5.84 180) (size 1.39 1.39) (drill 0.89) (layers *.Cu *.Mask F.SilkS)
      (net 2 GND))
    (pad 9 thru_hole circle (at 6.625 -7.95 180) (size 1.6 1.6) (drill 1.02) (layers *.Cu *.Mask F.SilkS)
      (net 59 LED_YLW-))
    (pad 10 thru_hole circle (at 4.085 -7.95 180) (size 1.6 1.6) (drill 1.02) (layers *.Cu *.Mask F.SilkS)
      (net 2 GND))
    (pad 11 thru_hole circle (at -4.085 -7.95 180) (size 1.6 1.6) (drill 1.02) (layers *.Cu *.Mask F.SilkS)
      (net 2 GND))
    (pad 12 thru_hole circle (at -6.625 -7.95 180) (size 1.6 1.6) (drill 1.02) (layers *.Cu *.Mask F.SilkS)
      (net 60 LED_GRN-))
    (pad 13 thru_hole circle (at 5.715 -3.05 180) (size 3.25 3.25) (drill 3.25) (layers *.Cu *.Mask F.SilkS))
    (pad 14 thru_hole circle (at -5.715 -3.05 180) (size 3.25 3.25) (drill 3.25) (layers *.Cu *.Mask F.SilkS))
    (pad 15 thru_hole circle (at -7.745 0 180) (size 2.5 2.5) (drill 1.63) (layers *.Cu *.Mask F.SilkS))
    (pad 16 thru_hole circle (at 7.745 0 180) (size 2.5 2.5) (drill 1.63) (layers *.Cu *.Mask F.SilkS))
  )

  (module SamacSys_Parts:LDD-700H (layer F.Cu) (tedit 5BB7D34A) (tstamp 5BC646AC)
    (at 148.8059 106.8451 90)
    (descr LDD-700H)
    (tags "Power Supply")
    (path /5BB8F859)
    (fp_text reference PS3 (at -0.44814 0.04874 90) (layer F.SilkS)
      (effects (font (size 1.27 1.27) (thickness 0.254)))
    )
    (fp_text value LDD-1000H (at -0.44814 0.04874 90) (layer F.SilkS) hide
      (effects (font (size 1.27 1.27) (thickness 0.254)))
    )
    (fp_circle (center -11.382 -14.057) (end -11.55687 -14.057) (layer F.SilkS) (width 0.254))
    (fp_line (start 10.15 15.9) (end -10.15 15.9) (layer F.SilkS) (width 0.254))
    (fp_line (start 10.15 -15.9) (end 10.15 15.9) (layer F.SilkS) (width 0.254))
    (fp_line (start -10.15 -15.9) (end 10.15 -15.9) (layer F.SilkS) (width 0.254))
    (fp_line (start -10.15 15.9) (end -10.15 -15.9) (layer F.SilkS) (width 0.254))
    (fp_line (start -10.15 15.9) (end -10.15 -15.9) (layer Dwgs.User) (width 0.254))
    (fp_line (start 10.15 15.9) (end -10.15 15.9) (layer Dwgs.User) (width 0.254))
    (fp_line (start 10.15 -15.9) (end 10.15 15.9) (layer Dwgs.User) (width 0.254))
    (fp_line (start -10.15 -15.9) (end 10.15 -15.9) (layer Dwgs.User) (width 0.254))
    (pad 13 thru_hole circle (at 7.62 13.84 180) (size 1.3 1.3) (drill 0.8) (layers *.Cu *.Mask F.SilkS)
      (net 22 Panel_W+))
    (pad 14 thru_hole circle (at 7.62 11.3 180) (size 1.3 1.3) (drill 0.8) (layers *.Cu *.Mask F.SilkS)
      (net 22 Panel_W+))
    (pad 12 thru_hole circle (at -7.62 13.84 180) (size 1.3 1.3) (drill 0.8) (layers *.Cu *.Mask F.SilkS)
      (net 21 Panel_W-))
    (pad 11 thru_hole circle (at -7.62 11.3 180) (size 1.3 1.3) (drill 0.8) (layers *.Cu *.Mask F.SilkS)
      (net 21 Panel_W-))
    (pad 22 thru_hole circle (at 7.62 -8.76 180) (size 1.3 1.3) (drill 0.8) (layers *.Cu *.Mask F.SilkS)
      (net 61 Panel_D1))
    (pad 23 thru_hole circle (at 7.62 -11.3 180) (size 1.3 1.3) (drill 0.8) (layers *.Cu *.Mask F.SilkS)
      (net 3 +24V))
    (pad 24 thru_hole circle (at 7.62 -13.84 180) (size 1.3 1.3) (drill 0.8) (layers *.Cu *.Mask F.SilkS)
      (net 3 +24V))
    (pad 2 thru_hole circle (at -7.62 -11.3 180) (size 1.3 1.3) (drill 0.8) (layers *.Cu *.Mask F.SilkS)
      (net 2 GND))
    (pad 1 thru_hole circle (at -7.62 -13.84 180) (size 1.3 1.3) (drill 0.8) (layers *.Cu *.Mask F.SilkS)
      (net 2 GND))
  )

  (module SamacSys_Parts:LDD-700H (layer F.Cu) (tedit 5BB7D34A) (tstamp 5BC6466D)
    (at 148.844 85.4075 90)
    (descr LDD-700H)
    (tags "Power Supply")
    (path /5BB7E2A0)
    (fp_text reference PS4 (at -0.44814 0.04874 90) (layer F.SilkS)
      (effects (font (size 1.27 1.27) (thickness 0.254)))
    )
    (fp_text value LDD-1000H (at -0.44814 0.04874 90) (layer F.SilkS) hide
      (effects (font (size 1.27 1.27) (thickness 0.254)))
    )
    (fp_line (start -10.15 -15.9) (end 10.15 -15.9) (layer Dwgs.User) (width 0.254))
    (fp_line (start 10.15 -15.9) (end 10.15 15.9) (layer Dwgs.User) (width 0.254))
    (fp_line (start 10.15 15.9) (end -10.15 15.9) (layer Dwgs.User) (width 0.254))
    (fp_line (start -10.15 15.9) (end -10.15 -15.9) (layer Dwgs.User) (width 0.254))
    (fp_line (start -10.15 15.9) (end -10.15 -15.9) (layer F.SilkS) (width 0.254))
    (fp_line (start -10.15 -15.9) (end 10.15 -15.9) (layer F.SilkS) (width 0.254))
    (fp_line (start 10.15 -15.9) (end 10.15 15.9) (layer F.SilkS) (width 0.254))
    (fp_line (start 10.15 15.9) (end -10.15 15.9) (layer F.SilkS) (width 0.254))
    (fp_circle (center -11.382 -14.057) (end -11.55687 -14.057) (layer F.SilkS) (width 0.254))
    (pad 1 thru_hole circle (at -7.62 -13.84 180) (size 1.3 1.3) (drill 0.8) (layers *.Cu *.Mask F.SilkS)
      (net 2 GND))
    (pad 2 thru_hole circle (at -7.62 -11.3 180) (size 1.3 1.3) (drill 0.8) (layers *.Cu *.Mask F.SilkS)
      (net 2 GND))
    (pad 24 thru_hole circle (at 7.62 -13.84 180) (size 1.3 1.3) (drill 0.8) (layers *.Cu *.Mask F.SilkS)
      (net 3 +24V))
    (pad 23 thru_hole circle (at 7.62 -11.3 180) (size 1.3 1.3) (drill 0.8) (layers *.Cu *.Mask F.SilkS)
      (net 3 +24V))
    (pad 22 thru_hole circle (at 7.62 -8.76 180) (size 1.3 1.3) (drill 0.8) (layers *.Cu *.Mask F.SilkS)
      (net 62 Panel_D2))
    (pad 11 thru_hole circle (at -7.62 11.3 180) (size 1.3 1.3) (drill 0.8) (layers *.Cu *.Mask F.SilkS)
      (net 24 Panel_Y-))
    (pad 12 thru_hole circle (at -7.62 13.84 180) (size 1.3 1.3) (drill 0.8) (layers *.Cu *.Mask F.SilkS)
      (net 24 Panel_Y-))
    (pad 14 thru_hole circle (at 7.62 11.3 180) (size 1.3 1.3) (drill 0.8) (layers *.Cu *.Mask F.SilkS)
      (net 23 Panel_Y+))
    (pad 13 thru_hole circle (at 7.62 13.84 180) (size 1.3 1.3) (drill 0.8) (layers *.Cu *.Mask F.SilkS)
      (net 23 Panel_Y+))
  )

  (module Capacitor_SMD:C_0603_1608Metric (layer F.Cu) (tedit 5B301BBE) (tstamp 5BD73069)
    (at 140.5002 149.1234 180)
    (descr "Capacitor SMD 0603 (1608 Metric), square (rectangular) end terminal, IPC_7351 nominal, (Body size source: http://www.tortai-tech.com/upload/download/2011102023233369053.pdf), generated with kicad-footprint-generator")
    (tags capacitor)
    (path /5BCDA797)
    (attr smd)
    (fp_text reference C1 (at 0 -1.43 180) (layer F.SilkS)
      (effects (font (size 1 1) (thickness 0.15)))
    )
    (fp_text value 1uF (at 0 1.43 180) (layer F.Fab)
      (effects (font (size 1 1) (thickness 0.15)))
    )
    (fp_text user %R (at 0 0 180) (layer F.Fab)
      (effects (font (size 0.4 0.4) (thickness 0.06)))
    )
    (fp_line (start 1.48 0.73) (end -1.48 0.73) (layer F.CrtYd) (width 0.05))
    (fp_line (start 1.48 -0.73) (end 1.48 0.73) (layer F.CrtYd) (width 0.05))
    (fp_line (start -1.48 -0.73) (end 1.48 -0.73) (layer F.CrtYd) (width 0.05))
    (fp_line (start -1.48 0.73) (end -1.48 -0.73) (layer F.CrtYd) (width 0.05))
    (fp_line (start -0.162779 0.51) (end 0.162779 0.51) (layer F.SilkS) (width 0.12))
    (fp_line (start -0.162779 -0.51) (end 0.162779 -0.51) (layer F.SilkS) (width 0.12))
    (fp_line (start 0.8 0.4) (end -0.8 0.4) (layer F.Fab) (width 0.1))
    (fp_line (start 0.8 -0.4) (end 0.8 0.4) (layer F.Fab) (width 0.1))
    (fp_line (start -0.8 -0.4) (end 0.8 -0.4) (layer F.Fab) (width 0.1))
    (fp_line (start -0.8 0.4) (end -0.8 -0.4) (layer F.Fab) (width 0.1))
    (pad 2 smd roundrect (at 0.7875 0 180) (size 0.875 0.95) (layers F.Cu F.Paste F.Mask) (roundrect_rratio 0.25)
      (net 1 "Net-(C1-Pad2)"))
    (pad 1 smd roundrect (at -0.7875 0 180) (size 0.875 0.95) (layers F.Cu F.Paste F.Mask) (roundrect_rratio 0.25)
      (net 2 GND))
    (model ${KISYS3DMOD}/Capacitor_SMD.3dshapes/C_0603_1608Metric.wrl
      (at (xyz 0 0 0))
      (scale (xyz 1 1 1))
      (rotate (xyz 0 0 0))
    )
  )

  (module Capacitor_SMD:C_0603_1608Metric (layer F.Cu) (tedit 5B301BBE) (tstamp 5BD2EE7E)
    (at 118.0845 91.8591)
    (descr "Capacitor SMD 0603 (1608 Metric), square (rectangular) end terminal, IPC_7351 nominal, (Body size source: http://www.tortai-tech.com/upload/download/2011102023233369053.pdf), generated with kicad-footprint-generator")
    (tags capacitor)
    (path /5BB7D59A)
    (attr smd)
    (fp_text reference C2 (at 0 -1.43) (layer F.SilkS)
      (effects (font (size 1 1) (thickness 0.15)))
    )
    (fp_text value 100nF (at 0 1.43) (layer F.Fab)
      (effects (font (size 1 1) (thickness 0.15)))
    )
    (fp_line (start -0.8 0.4) (end -0.8 -0.4) (layer F.Fab) (width 0.1))
    (fp_line (start -0.8 -0.4) (end 0.8 -0.4) (layer F.Fab) (width 0.1))
    (fp_line (start 0.8 -0.4) (end 0.8 0.4) (layer F.Fab) (width 0.1))
    (fp_line (start 0.8 0.4) (end -0.8 0.4) (layer F.Fab) (width 0.1))
    (fp_line (start -0.162779 -0.51) (end 0.162779 -0.51) (layer F.SilkS) (width 0.12))
    (fp_line (start -0.162779 0.51) (end 0.162779 0.51) (layer F.SilkS) (width 0.12))
    (fp_line (start -1.48 0.73) (end -1.48 -0.73) (layer F.CrtYd) (width 0.05))
    (fp_line (start -1.48 -0.73) (end 1.48 -0.73) (layer F.CrtYd) (width 0.05))
    (fp_line (start 1.48 -0.73) (end 1.48 0.73) (layer F.CrtYd) (width 0.05))
    (fp_line (start 1.48 0.73) (end -1.48 0.73) (layer F.CrtYd) (width 0.05))
    (fp_text user %R (at 0 0) (layer F.Fab)
      (effects (font (size 0.4 0.4) (thickness 0.06)))
    )
    (pad 1 smd roundrect (at -0.7875 0) (size 0.875 0.95) (layers F.Cu F.Paste F.Mask) (roundrect_rratio 0.25)
      (net 3 +24V))
    (pad 2 smd roundrect (at 0.7875 0) (size 0.875 0.95) (layers F.Cu F.Paste F.Mask) (roundrect_rratio 0.25)
      (net 2 GND))
    (model ${KISYS3DMOD}/Capacitor_SMD.3dshapes/C_0603_1608Metric.wrl
      (at (xyz 0 0 0))
      (scale (xyz 1 1 1))
      (rotate (xyz 0 0 0))
    )
  )

  (module Capacitor_SMD:C_0603_1608Metric (layer F.Cu) (tedit 5B301BBE) (tstamp 5BD3837C)
    (at 118.1355 95.0341)
    (descr "Capacitor SMD 0603 (1608 Metric), square (rectangular) end terminal, IPC_7351 nominal, (Body size source: http://www.tortai-tech.com/upload/download/2011102023233369053.pdf), generated with kicad-footprint-generator")
    (tags capacitor)
    (path /5BB7D5F0)
    (attr smd)
    (fp_text reference C3 (at 0 -1.43) (layer F.SilkS)
      (effects (font (size 1 1) (thickness 0.15)))
    )
    (fp_text value 47uF (at 0 1.43) (layer F.Fab)
      (effects (font (size 1 1) (thickness 0.15)))
    )
    (fp_text user %R (at 0 0) (layer F.Fab)
      (effects (font (size 0.4 0.4) (thickness 0.06)))
    )
    (fp_line (start 1.48 0.73) (end -1.48 0.73) (layer F.CrtYd) (width 0.05))
    (fp_line (start 1.48 -0.73) (end 1.48 0.73) (layer F.CrtYd) (width 0.05))
    (fp_line (start -1.48 -0.73) (end 1.48 -0.73) (layer F.CrtYd) (width 0.05))
    (fp_line (start -1.48 0.73) (end -1.48 -0.73) (layer F.CrtYd) (width 0.05))
    (fp_line (start -0.162779 0.51) (end 0.162779 0.51) (layer F.SilkS) (width 0.12))
    (fp_line (start -0.162779 -0.51) (end 0.162779 -0.51) (layer F.SilkS) (width 0.12))
    (fp_line (start 0.8 0.4) (end -0.8 0.4) (layer F.Fab) (width 0.1))
    (fp_line (start 0.8 -0.4) (end 0.8 0.4) (layer F.Fab) (width 0.1))
    (fp_line (start -0.8 -0.4) (end 0.8 -0.4) (layer F.Fab) (width 0.1))
    (fp_line (start -0.8 0.4) (end -0.8 -0.4) (layer F.Fab) (width 0.1))
    (pad 2 smd roundrect (at 0.7875 0) (size 0.875 0.95) (layers F.Cu F.Paste F.Mask) (roundrect_rratio 0.25)
      (net 2 GND))
    (pad 1 smd roundrect (at -0.7875 0) (size 0.875 0.95) (layers F.Cu F.Paste F.Mask) (roundrect_rratio 0.25)
      (net 3 +24V))
    (model ${KISYS3DMOD}/Capacitor_SMD.3dshapes/C_0603_1608Metric.wrl
      (at (xyz 0 0 0))
      (scale (xyz 1 1 1))
      (rotate (xyz 0 0 0))
    )
  )

  (module Capacitor_SMD:C_0603_1608Metric (layer F.Cu) (tedit 5B301BBE) (tstamp 5BD730C9)
    (at 156.150633 152.0952 180)
    (descr "Capacitor SMD 0603 (1608 Metric), square (rectangular) end terminal, IPC_7351 nominal, (Body size source: http://www.tortai-tech.com/upload/download/2011102023233369053.pdf), generated with kicad-footprint-generator")
    (tags capacitor)
    (path /5BCDA790)
    (attr smd)
    (fp_text reference C4 (at 0.004133 1.4859 180) (layer F.SilkS)
      (effects (font (size 1 1) (thickness 0.15)))
    )
    (fp_text value 10nF (at 0 1.43 180) (layer F.Fab)
      (effects (font (size 1 1) (thickness 0.15)))
    )
    (fp_line (start -0.8 0.4) (end -0.8 -0.4) (layer F.Fab) (width 0.1))
    (fp_line (start -0.8 -0.4) (end 0.8 -0.4) (layer F.Fab) (width 0.1))
    (fp_line (start 0.8 -0.4) (end 0.8 0.4) (layer F.Fab) (width 0.1))
    (fp_line (start 0.8 0.4) (end -0.8 0.4) (layer F.Fab) (width 0.1))
    (fp_line (start -0.162779 -0.51) (end 0.162779 -0.51) (layer F.SilkS) (width 0.12))
    (fp_line (start -0.162779 0.51) (end 0.162779 0.51) (layer F.SilkS) (width 0.12))
    (fp_line (start -1.48 0.73) (end -1.48 -0.73) (layer F.CrtYd) (width 0.05))
    (fp_line (start -1.48 -0.73) (end 1.48 -0.73) (layer F.CrtYd) (width 0.05))
    (fp_line (start 1.48 -0.73) (end 1.48 0.73) (layer F.CrtYd) (width 0.05))
    (fp_line (start 1.48 0.73) (end -1.48 0.73) (layer F.CrtYd) (width 0.05))
    (fp_text user %R (at 0 0 180) (layer F.Fab)
      (effects (font (size 0.4 0.4) (thickness 0.06)))
    )
    (pad 1 smd roundrect (at -0.7875 0 180) (size 0.875 0.95) (layers F.Cu F.Paste F.Mask) (roundrect_rratio 0.25)
      (net 4 "Net-(C4-Pad1)"))
    (pad 2 smd roundrect (at 0.7875 0 180) (size 0.875 0.95) (layers F.Cu F.Paste F.Mask) (roundrect_rratio 0.25)
      (net 5 "Net-(C4-Pad2)"))
    (model ${KISYS3DMOD}/Capacitor_SMD.3dshapes/C_0603_1608Metric.wrl
      (at (xyz 0 0 0))
      (scale (xyz 1 1 1))
      (rotate (xyz 0 0 0))
    )
  )

  (module Capacitor_SMD:C_0603_1608Metric (layer F.Cu) (tedit 5B301BBE) (tstamp 5BD73099)
    (at 143.0655 138.8744 270)
    (descr "Capacitor SMD 0603 (1608 Metric), square (rectangular) end terminal, IPC_7351 nominal, (Body size source: http://www.tortai-tech.com/upload/download/2011102023233369053.pdf), generated with kicad-footprint-generator")
    (tags capacitor)
    (path /5BC2A01B)
    (attr smd)
    (fp_text reference C5 (at 0 -1.43 270) (layer F.SilkS)
      (effects (font (size 1 1) (thickness 0.15)))
    )
    (fp_text value 100nF (at 0 1.43 270) (layer F.Fab)
      (effects (font (size 1 1) (thickness 0.15)))
    )
    (fp_line (start -0.8 0.4) (end -0.8 -0.4) (layer F.Fab) (width 0.1))
    (fp_line (start -0.8 -0.4) (end 0.8 -0.4) (layer F.Fab) (width 0.1))
    (fp_line (start 0.8 -0.4) (end 0.8 0.4) (layer F.Fab) (width 0.1))
    (fp_line (start 0.8 0.4) (end -0.8 0.4) (layer F.Fab) (width 0.1))
    (fp_line (start -0.162779 -0.51) (end 0.162779 -0.51) (layer F.SilkS) (width 0.12))
    (fp_line (start -0.162779 0.51) (end 0.162779 0.51) (layer F.SilkS) (width 0.12))
    (fp_line (start -1.48 0.73) (end -1.48 -0.73) (layer F.CrtYd) (width 0.05))
    (fp_line (start -1.48 -0.73) (end 1.48 -0.73) (layer F.CrtYd) (width 0.05))
    (fp_line (start 1.48 -0.73) (end 1.48 0.73) (layer F.CrtYd) (width 0.05))
    (fp_line (start 1.48 0.73) (end -1.48 0.73) (layer F.CrtYd) (width 0.05))
    (fp_text user %R (at 0 0 270) (layer F.Fab)
      (effects (font (size 0.4 0.4) (thickness 0.06)))
    )
    (pad 1 smd roundrect (at -0.7875 0 270) (size 0.875 0.95) (layers F.Cu F.Paste F.Mask) (roundrect_rratio 0.25)
      (net 2 GND))
    (pad 2 smd roundrect (at 0.7875 0 270) (size 0.875 0.95) (layers F.Cu F.Paste F.Mask) (roundrect_rratio 0.25)
      (net 7 +12V))
    (model ${KISYS3DMOD}/Capacitor_SMD.3dshapes/C_0603_1608Metric.wrl
      (at (xyz 0 0 0))
      (scale (xyz 1 1 1))
      (rotate (xyz 0 0 0))
    )
  )

  (module Capacitor_SMD:C_0603_1608Metric (layer F.Cu) (tedit 5B301BBE) (tstamp 5BD2EEBE)
    (at 129.5781 119.634 270)
    (descr "Capacitor SMD 0603 (1608 Metric), square (rectangular) end terminal, IPC_7351 nominal, (Body size source: http://www.tortai-tech.com/upload/download/2011102023233369053.pdf), generated with kicad-footprint-generator")
    (tags capacitor)
    (path /5BB90953)
    (attr smd)
    (fp_text reference C6 (at 0 -1.43 270) (layer F.SilkS)
      (effects (font (size 1 1) (thickness 0.15)))
    )
    (fp_text value 100nF (at 0 1.43 270) (layer F.Fab)
      (effects (font (size 1 1) (thickness 0.15)))
    )
    (fp_text user %R (at 0 0 270) (layer F.Fab)
      (effects (font (size 0.4 0.4) (thickness 0.06)))
    )
    (fp_line (start 1.48 0.73) (end -1.48 0.73) (layer F.CrtYd) (width 0.05))
    (fp_line (start 1.48 -0.73) (end 1.48 0.73) (layer F.CrtYd) (width 0.05))
    (fp_line (start -1.48 -0.73) (end 1.48 -0.73) (layer F.CrtYd) (width 0.05))
    (fp_line (start -1.48 0.73) (end -1.48 -0.73) (layer F.CrtYd) (width 0.05))
    (fp_line (start -0.162779 0.51) (end 0.162779 0.51) (layer F.SilkS) (width 0.12))
    (fp_line (start -0.162779 -0.51) (end 0.162779 -0.51) (layer F.SilkS) (width 0.12))
    (fp_line (start 0.8 0.4) (end -0.8 0.4) (layer F.Fab) (width 0.1))
    (fp_line (start 0.8 -0.4) (end 0.8 0.4) (layer F.Fab) (width 0.1))
    (fp_line (start -0.8 -0.4) (end 0.8 -0.4) (layer F.Fab) (width 0.1))
    (fp_line (start -0.8 0.4) (end -0.8 -0.4) (layer F.Fab) (width 0.1))
    (pad 2 smd roundrect (at 0.7875 0 270) (size 0.875 0.95) (layers F.Cu F.Paste F.Mask) (roundrect_rratio 0.25)
      (net 2 GND))
    (pad 1 smd roundrect (at -0.7875 0 270) (size 0.875 0.95) (layers F.Cu F.Paste F.Mask) (roundrect_rratio 0.25)
      (net 7 +12V))
    (model ${KISYS3DMOD}/Capacitor_SMD.3dshapes/C_0603_1608Metric.wrl
      (at (xyz 0 0 0))
      (scale (xyz 1 1 1))
      (rotate (xyz 0 0 0))
    )
  )

  (module Capacitor_SMD:C_0603_1608Metric (layer F.Cu) (tedit 5B301BBE) (tstamp 5BC92015)
    (at 107.8356 109.093 180)
    (descr "Capacitor SMD 0603 (1608 Metric), square (rectangular) end terminal, IPC_7351 nominal, (Body size source: http://www.tortai-tech.com/upload/download/2011102023233369053.pdf), generated with kicad-footprint-generator")
    (tags capacitor)
    (path /5BB8F45A)
    (attr smd)
    (fp_text reference C7 (at 0 -1.43 180) (layer F.SilkS)
      (effects (font (size 1 1) (thickness 0.15)))
    )
    (fp_text value 100nF (at 0 1.43 180) (layer F.Fab)
      (effects (font (size 1 1) (thickness 0.15)))
    )
    (fp_line (start -0.8 0.4) (end -0.8 -0.4) (layer F.Fab) (width 0.1))
    (fp_line (start -0.8 -0.4) (end 0.8 -0.4) (layer F.Fab) (width 0.1))
    (fp_line (start 0.8 -0.4) (end 0.8 0.4) (layer F.Fab) (width 0.1))
    (fp_line (start 0.8 0.4) (end -0.8 0.4) (layer F.Fab) (width 0.1))
    (fp_line (start -0.162779 -0.51) (end 0.162779 -0.51) (layer F.SilkS) (width 0.12))
    (fp_line (start -0.162779 0.51) (end 0.162779 0.51) (layer F.SilkS) (width 0.12))
    (fp_line (start -1.48 0.73) (end -1.48 -0.73) (layer F.CrtYd) (width 0.05))
    (fp_line (start -1.48 -0.73) (end 1.48 -0.73) (layer F.CrtYd) (width 0.05))
    (fp_line (start 1.48 -0.73) (end 1.48 0.73) (layer F.CrtYd) (width 0.05))
    (fp_line (start 1.48 0.73) (end -1.48 0.73) (layer F.CrtYd) (width 0.05))
    (fp_text user %R (at 0 0 180) (layer F.Fab)
      (effects (font (size 0.4 0.4) (thickness 0.06)))
    )
    (pad 1 smd roundrect (at -0.7875 0 180) (size 0.875 0.95) (layers F.Cu F.Paste F.Mask) (roundrect_rratio 0.25)
      (net 6 +3.3V))
    (pad 2 smd roundrect (at 0.7875 0 180) (size 0.875 0.95) (layers F.Cu F.Paste F.Mask) (roundrect_rratio 0.25)
      (net 2 GND))
    (model ${KISYS3DMOD}/Capacitor_SMD.3dshapes/C_0603_1608Metric.wrl
      (at (xyz 0 0 0))
      (scale (xyz 1 1 1))
      (rotate (xyz 0 0 0))
    )
  )

  (module Capacitor_SMD:C_0603_1608Metric (layer F.Cu) (tedit 5B301BBE) (tstamp 5BD736D5)
    (at 145.3261 149.1234 180)
    (descr "Capacitor SMD 0603 (1608 Metric), square (rectangular) end terminal, IPC_7351 nominal, (Body size source: http://www.tortai-tech.com/upload/download/2011102023233369053.pdf), generated with kicad-footprint-generator")
    (tags capacitor)
    (path /5BCB6F14)
    (attr smd)
    (fp_text reference C8 (at 0 -1.43 180) (layer F.SilkS)
      (effects (font (size 1 1) (thickness 0.15)))
    )
    (fp_text value 1uF (at 0 1.43 180) (layer F.Fab)
      (effects (font (size 1 1) (thickness 0.15)))
    )
    (fp_text user %R (at 0 0 180) (layer F.Fab)
      (effects (font (size 0.4 0.4) (thickness 0.06)))
    )
    (fp_line (start 1.48 0.73) (end -1.48 0.73) (layer F.CrtYd) (width 0.05))
    (fp_line (start 1.48 -0.73) (end 1.48 0.73) (layer F.CrtYd) (width 0.05))
    (fp_line (start -1.48 -0.73) (end 1.48 -0.73) (layer F.CrtYd) (width 0.05))
    (fp_line (start -1.48 0.73) (end -1.48 -0.73) (layer F.CrtYd) (width 0.05))
    (fp_line (start -0.162779 0.51) (end 0.162779 0.51) (layer F.SilkS) (width 0.12))
    (fp_line (start -0.162779 -0.51) (end 0.162779 -0.51) (layer F.SilkS) (width 0.12))
    (fp_line (start 0.8 0.4) (end -0.8 0.4) (layer F.Fab) (width 0.1))
    (fp_line (start 0.8 -0.4) (end 0.8 0.4) (layer F.Fab) (width 0.1))
    (fp_line (start -0.8 -0.4) (end 0.8 -0.4) (layer F.Fab) (width 0.1))
    (fp_line (start -0.8 0.4) (end -0.8 -0.4) (layer F.Fab) (width 0.1))
    (pad 2 smd roundrect (at 0.7875 0 180) (size 0.875 0.95) (layers F.Cu F.Paste F.Mask) (roundrect_rratio 0.25)
      (net 8 "Net-(C8-Pad2)"))
    (pad 1 smd roundrect (at -0.7875 0 180) (size 0.875 0.95) (layers F.Cu F.Paste F.Mask) (roundrect_rratio 0.25)
      (net 2 GND))
    (model ${KISYS3DMOD}/Capacitor_SMD.3dshapes/C_0603_1608Metric.wrl
      (at (xyz 0 0 0))
      (scale (xyz 1 1 1))
      (rotate (xyz 0 0 0))
    )
  )

  (module Capacitor_SMD:C_0603_1608Metric (layer F.Cu) (tedit 5B301BBE) (tstamp 5BD736A5)
    (at 145.4911 128.4986)
    (descr "Capacitor SMD 0603 (1608 Metric), square (rectangular) end terminal, IPC_7351 nominal, (Body size source: http://www.tortai-tech.com/upload/download/2011102023233369053.pdf), generated with kicad-footprint-generator")
    (tags capacitor)
    (path /5BC29DEF)
    (attr smd)
    (fp_text reference C9 (at 0 -1.43) (layer F.SilkS)
      (effects (font (size 1 1) (thickness 0.15)))
    )
    (fp_text value 1uF (at 0 1.43) (layer F.Fab)
      (effects (font (size 1 1) (thickness 0.15)))
    )
    (fp_text user %R (at 0 0) (layer F.Fab)
      (effects (font (size 0.4 0.4) (thickness 0.06)))
    )
    (fp_line (start 1.48 0.73) (end -1.48 0.73) (layer F.CrtYd) (width 0.05))
    (fp_line (start 1.48 -0.73) (end 1.48 0.73) (layer F.CrtYd) (width 0.05))
    (fp_line (start -1.48 -0.73) (end 1.48 -0.73) (layer F.CrtYd) (width 0.05))
    (fp_line (start -1.48 0.73) (end -1.48 -0.73) (layer F.CrtYd) (width 0.05))
    (fp_line (start -0.162779 0.51) (end 0.162779 0.51) (layer F.SilkS) (width 0.12))
    (fp_line (start -0.162779 -0.51) (end 0.162779 -0.51) (layer F.SilkS) (width 0.12))
    (fp_line (start 0.8 0.4) (end -0.8 0.4) (layer F.Fab) (width 0.1))
    (fp_line (start 0.8 -0.4) (end 0.8 0.4) (layer F.Fab) (width 0.1))
    (fp_line (start -0.8 -0.4) (end 0.8 -0.4) (layer F.Fab) (width 0.1))
    (fp_line (start -0.8 0.4) (end -0.8 -0.4) (layer F.Fab) (width 0.1))
    (pad 2 smd roundrect (at 0.7875 0) (size 0.875 0.95) (layers F.Cu F.Paste F.Mask) (roundrect_rratio 0.25)
      (net 9 "Net-(C9-Pad2)"))
    (pad 1 smd roundrect (at -0.7875 0) (size 0.875 0.95) (layers F.Cu F.Paste F.Mask) (roundrect_rratio 0.25)
      (net 2 GND))
    (model ${KISYS3DMOD}/Capacitor_SMD.3dshapes/C_0603_1608Metric.wrl
      (at (xyz 0 0 0))
      (scale (xyz 1 1 1))
      (rotate (xyz 0 0 0))
    )
  )

  (module Capacitor_SMD:C_0603_1608Metric (layer F.Cu) (tedit 5B301BBE) (tstamp 5BD73675)
    (at 156.243766 141.49324 180)
